#banner
image=https://i.ytimg.com/vi/kJ2dr9jAThY/maxresdefault.jpg
text=yeet

#text

text=Welcome to my site... why are you here?

#download

app=cdm.pixel_painter

data={Author:"wee",Pixels:[0:[-16777216,-16777216,0,-16777216,-16777216,-16777216,-16777216,-16777216,0,0,0,0,-16777216,0,0,0,],1:[0,0,0,0,0,0,0,0,0,0,0,0,-16777216,0,0,0,],2:[0,0,0,0,0,0,0,0,0,0,0,0,-16777216,0,0,0,],3:[0,0,0,0,0,0,0,0,0,0,0,0,-16777216,0,0,0,],4:[0,0,0,0,0,0,0,0,0,0,0,0,-16777216,0,0,0,],5:[0,0,0,0,0,0,0,0,0,0,0,0,-16777216,0,0,0,],6:[0,0,0,0,0,0,0,0,0,0,0,0,-16777216,0,0,0,],7:[0,0,0,0,0,0,0,0,0,0,0,0,-16777216,0,0,0,],8:[0,0,0,0,0,0,0,0,0,0,0,0,-16777216,0,0,0,],9:[0,0,0,0,0,0,0,0,0,0,0,0,-16777216,0,0,0,],10:[0,0,0,0,0,0,0,0,0,0,0,0,-16777216,0,0,0,],11:[0,0,0,0,0,0,0,0,0,0,0,0,-16777216,0,0,0,],12:[0,0,0,0,0,0,0,0,0,0,0,0,-16777216,0,0,0,],13:[0,0,0,0,0,0,0,0,0,0,0,0,0,0,0,0,],14:[0,0,0,0,0,0,0,0,0,0,0,0,0,0,0,0,],15:[0,0,0,0,0,0,0,0,0,0,0,0,0,0,0,0,]],Name:"ewewfewfew"} 
